S:  0.0
O:  3.5161744022503517E-4
N:  0.0010548523206751054
Z:  0.0014064697609001407
R:  0.0024613220815752463
H:  0.003867791842475387
M:  0.005625879043600563
Q:  0.010196905766526019
P:  0.01617440225035162
L:  0.016877637130801686
B:  0.0189873417721519
C:  0.01969057665260197
D:  0.02180028129395218
F:  0.023206751054852322
Y:  0.028481012658227847
K:  0.028832630098452883
U:  0.029184247538677918
J:  0.052742616033755275
V:  0.05590717299578059
I:  0.05625879043600562
E:  0.056962025316455694
W:  0.06751054852320675
G:  0.06856540084388185
T:  0.069971870604782
X:  0.07032348804500703
A:  0.10056258790436005
